4.4998 0.004 0.504 0.7889 0.0111 0.0769 5.6857 1
6.8533 0.0159 0.4798 0.755 0.0232 0.0405 5.2301 0.2857
3.434 0 0.5476 0.7419 0 0.1667 6.0667 1
5.5683 0.0017 0.4659 0.7824 0 0.0444 4.7257 0.75
6.6846 5e-04 0.4794 0.6938 0.185 0.0656 5.7116 0.5
4.3307 0 0.5944 0.6842 0 0 5.2951 0
7.2335 0.0147 0.5606 0.8144 0.026 0.1712 5.8563 0.1579
7.8683 0.0075 0.5907 0.8037 0.0031 0.2529 7.731 0.4545
5.6312 0 0.3803 0.6774 0.0394 0.1923 5.0237 0.6
8.4401 0.051 0.5897 0.6094 0.008 0.2594 6.3799 0.3226
6.1675 0.0049 0.5212 0.7547 0 0.2564 5.4206 0.5
4.8903 0 0.4408 0.7143 0 0 5.8053 0
6.1312 0 0.4941 0.6826 0.1804 0.1176 5.7465 0.5
6.5554 6e-04 0.4718 0.6899 0.0114 0.0964 6.0363 0.8148
5.9162 0 0.5037 0.7278 0 0.1538 6.5882 0.5
6.8544 0.0166 0.4713 0.7004 0.0485 0.1 6.7645 1
5.323 0 0.5017 0.7171 0 0.0448 2.7632 1
5.037 0 0.4726 0.8312 0 0.1818 6.0154 1
3.8067 0 0.4602 0.6667 0 0.0909 4.8919 1
5.9026 0.0049 0.453 0.7596 0 0.2 5.6411 0.8
4.7875 0 0.394 0.7167 0 0.35 6.0364 0.2857
5.5094 0.0017 0.481 0.6964 0 0.0714 5.8057 1
5.366 0.0018 0.4588 0.7383 0.0047 0.0526 6.1304 1
4.6821 0 0.4104 0.7778 0 0.1481 6.0103 0.625
5.8972 0.003 0.4355 0.6676 0 0.0652 6.204 0.3333
5.5645 0 0.4954 0.7126 0 0.1111 6.4497 0
5.3132 0.0042 0.4054 0.6207 0 0 6.2121 0
8.3973 0.007 0.5301 0.7035 0.1601 0.2133 5.9348 0.5574
6.1506 0.001 0.4403 0.6183 0 0.1667 5.8405 0.3636
6.3886 7e-04 0.4699 0.7008 0 0.2051 5.4174 0.8125
7.3284 8e-04 0.4404 0.6376 0.1156 0.0556 6.6432 0.6
7.6236 0.003 0.474 0.7287 0.0029 0.0776 6.9084 0.6667
4.1431 0 0.463 0.6508 0 0 5.6792 0
6.2934 8e-04 0.461 0.6747 0 0.1351 6.0771 0.9
4.1109 0 0.4783 0.7541 0 0 5.3404 0
9.5949 0.0437 0.4716 0.7264 0.0116 0.2532 5.7385 0.15
3.434 0.0185 0.8889 0.4839 0 0 3.8621 0
7.0639 0.0161 0.471 0.6955 0.3011 0.1481 5.5758 0.5625
8.2736 0.0043 0.4627 0.6775 0 0.1508 6.2625 0.5263
9.6541 0.0063 0.5129 0.7006 0.0112 0.181 6.5173 0.4286
3.5553 0 0.5341 0.8 0 0 5.871 0
4.8675 0 0.4789 0.7923 0.0077 0 6.0762 0
7.4742 9e-04 0.4972 0.7588 0.1175 0.1078 5.6238 0.1818
5.204 0 0.4449 0.6429 0.9231 0.15 5.5855 0.6667
8.3946 0.0188 0.5243 0.6706 0.0337 0.0811 6.2828 0.5333
6.8156 0.0112 0.4694 0.727 0.0011 0.1356 6.9426 0.625
6.9373 0.0019 0.51 0.8301 0.0874 0.0744 5.3951 0.375
7.105 0.005 0.5982 0.6773 0.0033 0.0906 5.6264 0.5357
5.5568 0 0.4551 0.7915 0 0.2 6.2235 0.6
7.1204 0.0037 0.4906 0.6774 0.0024 0.0764 6.2059 0.5455
5.0999 0.0021 0.5821 0.6829 0 0.25 6.7217 0
5.3519 0.0019 0.5189 0.7156 0 0.0714 5.8553 0
6.6067 0.0094 0.5637 0.9 0.0068 0.3143 7.1589 0.6364
7.2269 0.0092 0.535 0.8263 0.0022 0.5556 6.9062 0.3
6.2246 0.0024 0.4602 0.7069 0 0.1136 6.1175 0.2
8.5063 0.1362 0.5784 0.8471 0.0097 0.4054 7.6183 0.24
6.9689 0.0511 0.5471 0.8721 9e-04 0.3333 8.6131 0.3333
6.7673 0.0212 0.5637 0.5949 0.0046 0.1753 4.9819 0.1176
6.6921 0.0068 0.5658 0.8598 0.0136 0.3333 7.0144 0.3333
8.9611 0.009 0.4836 0.6581 8e-04 0.2231 6.2456 0.375
5.7104 0 0.4059 0.6026 0 0.1127 6.0224 0.75
6.6201 0.0067 0.534 0.736 0.004 0.3182 6.3299 0.4286
6.363 0.0036 0.4556 0.6483 0 0.0494 5.2669 0.75
3.989 0 0.5152 0.7222 0.0556 0 5.093 0
7.3192 0.0014 0.4645 0.674 7e-04 0.2652 6.295 0.8
4.6913 0 0.6318 0.7156 0 0.0029 6.1163 1
6.1779 0.0045 0.5382 0.778 0.0249 0.1136 6.1868 0.6
5.823 0.0051 0.4253 0.6716 0.0621 0.0583 5.4686 1
7.8431 0.0052 0.5169 0.7174 0.0051 0.191 6.9029 0.1765
5.4161 0 0.3988 0.5778 0 0.0833 6.1058 1
9.7741 0.0298 0.4849 0.6534 0.0209 0.0694 6.1693 0.679
6.18 0.0045 0.5348 0.7101 0.0021 0.0189 6.0439 0
4.2767 0 0.3756 0.7778 0 0.6667 6.3065 1
4.9767 0 0.3848 0.8069 0.4 0.1053 5.7374 0
8.6339 0.691 0.4843 0.8187 0.0461 0.0342 5.4283 0.4
7.6639 0.0149 0.511 0.7136 0 0.3803 7.2183 0.4444
4.8978 0 0.5245 0.7687 0.0075 0 5.9619 0
5.8348 0 0.4026 0.6345 0 0.2564 6.4903 0.9
4.625 0 0.4877 0.7745 0 0.2 6.1585 1
6.5453 0.0074 0.4782 0.7011 0.0201 0.2581 5.6057 0.375
5.7683 0.0012 0.4819 0.6844 0.2312 0.0556 5.6372 1
10.4845 0.0995 0.5852 0.6537 0.0203 0.1017 7.594 0.1647
5.2883 0 0.4376 0.6869 0 0.125 5.8121 0.5
6.3386 7e-04 0.4522 0.6696 0.0018 0.1333 6.2094 0.75
7.7515 0.0014 0.4719 0.766 4e-04 0.1673 4.978 0.5233
6.6464 0.0011 0.4842 0.6377 0.0091 0.0484 6.6049 0.3333
6.4615 0.0067 0.4866 0.6891 0 0.1818 6.1078 0.6667
6.2066 0.0034 0.5038 0.7056 0.006 0.0293 6.2377 0.6364
5.0106 0.0023 0.4871 0.76 0 0.1111 6.2202 1
6.2804 8e-04 0.4802 0.7434 0.0037 0.011 5.3871 0
6.8112 0.0949 0.5463 0.8899 0.0066 0.3953 8.9542 0.5882
5.5568 0.015 0.406 0.6023 0 0.0741 6.227 1
7.9855 0.0116 0.5222 0.7127 0.0031 0.1681 6.3788 0.35
6.6783 0.0057 0.4945 0.756 0.0013 0.25 6.6621 0.5714
4.1589 0 0.4556 0.7344 0 0.0588 6.0385 1
3.3322 0 0.4227 0.75 0 0.2 3.2105 1
6.5088 0 0.4111 0.6811 0.4888 0.1765 5.4866 0.7333
5.8833 0.0077 0.546 0.8357 0 0.3333 6.2908 0.6667
5.3982 0 0.5327 0.733 0 0.25 5.7764 0.5
5.5413 0.0119 0.5491 0.8588 0 0.5 9.0943 0.8333
7.3677 8e-04 0.4482 0.7273 0.9659 0.0046 7.0851 0
9.1913 0.022 0.492 0.545 0.0216 0.0389 6.2325 0.4211
7.333 0.0214 0.5707 0.8105 0.0183 0.4324 7.5044 0.125
6.7322 0.0038 0.4365 0.7092 0 0.1967 6.2954 0.8333
5.0434 0 0.4358 0.5161 0 0.0714 5.4261 0.5
3.9318 0 0.529 0.8235 0 0 6.4359 0
6.9226 8e-04 0.4432 0.6414 0.4355 0.1176 6.1078 0.7
5.8889 0.0023 0.4406 0.7147 0 0.2192 5.5085 0.875
5.6168 0 0.4202 0.5673 0.0545 0.1333 5.7151 1
6.0661 0.001 0.5232 0.6032 0.065 0.2895 6.2124 0.0909
4.382 0.0189 0.3019 0.825 0 0.0588 4.4259 1
8.3121 0.0016 0.4935 0.655 0.0022 0.2016 6.2143 0.5714
8.3928 0.0482 0.5273 0.7053 0.0093 0.2157 6.1599 0.4242
7.3765 0.0103 0.5521 0.8248 0.0075 0.2432 7.5208 0.4444
8.9658 0.0356 0.576 0.7635 0.0424 0.3772 5.5783 0.1141
5.8111 0.005 0.4783 0.7784 0.006 0.2174 5.4245 0.4
6.7429 0.009 0.5174 0.671 0 0.106 6.431 0.4167
2.5649 0 0.5238 0.9231 0 0.5 5.2 1
6.649 0.0056 0.4912 0.763 0.2785 0.4231 5.5658 0.1364
7.5283 0.0019 0.4238 0.7188 0.6392 0.106 5.9364 0.8125
5.1648 0.0133 0.4943 0.7257 0 0.0625 4.2879 0.5
7.6811 0.0052 0.5528 0.7263 0.0185 0.0448 6.39 0.5
8.681 0.0064 0.3969 0.5764 0.2472 0.0928 6.4672 0.5469
7.5771 0.0105 0.5195 0.7788 0.0476 0.25 6.4997 0.3333
6.6516 0.0074 0.505 0.7171 0.031 0.2045 8.3235 0.4444
7.0344 0.0014 0.5082 0.7251 0.0634 0.127 5.2981 0.7021
5.112 0.003 0.6 0.4819 0 0.087 5.9394 0.7
6.1334 8e-04 0.4894 0.7961 0 0.1333 5.2821 0.3333
6.7685 0.0032 0.4885 0.7655 0 0.3529 6.6978 0.5
6.789 0 0.4171 0.8221 0.0158 0.1423 5.557 0.425
6.5511 0.0022 0.4883 0.6986 0 0.0278 6.1673 0
9.6183 0.0072 0.4831 0.6083 0.041 0.1163 6.347 0.6914
8.1817 0.0022 0.4409 0.6375 0.2669 0.2072 5.8988 0.8455
6.8341 0.0016 0.499 0.7341 0 0.2258 6.245 0.7143
5.5094 0.0016 0.5202 0.7449 0.0162 0.1667 5.9563 1
6.541 0.0022 0.4975 0.7431 0 0.2069 6.4849 0.3333
5.5053 0 0.3707 0.8659 0 0.0857 6.9718 0.5
4.4308 0 0.4338 0.6905 0.3333 0.0417 5.0513 0
9.4105 0.3245 0.5074 0.7349 0.012 0.2231 5.4895 0.3448
6.1291 0 0.4647 0.6601 0.0174 0.2353 5.4408 0.75
9.0814 0.0142 0.4876 0.6709 0.0944 0.3109 6.4742 0.5305
4.7095 0 0.417 0.7387 0 0.25 6.1895 1
7.7681 0.001 0.4588 0.6794 0.0042 0.0938 6.5095 0.6667
5.8141 0 0.4903 0.7672 0 0.1842 5.558 0.8571
7.2944 0.0021 0.5074 0.6542 0.0014 0.1188 6.1108 0.75
5.8636 0.0032 0.4984 0.7273 0 0.3 5.9725 0
8.1409 0.0012 0.424 0.6841 0.3861 0.1349 5.1878 0.6923
8.7344 0.0318 0.5472 0.8817 0.0137 0.6031 5.5409 0.4388
5.323 0 0.495 0.8 0 0.6 6.6667 1
8.9196 0.0031 0.4801 0.6957 0.0017 0.2299 6.4845 0.3766
7.6871 0.0105 0.4508 0.7257 0.0078 0.2527 5.5104 0.6957
6.6908 0.0027 0.472 0.7752 0 0.2639 5.7008 0.3158
5.4806 0.0034 0.472 0.6708 0 0.2432 5.4828 1
7.3434 0.0037 0.4735 0.7206 0.5103 0.1389 6.257 0.6667
7.5559 0.0299 0.5471 0.7845 0.0099 0.4043 7.8706 0.5789
7.0901 0.0032 0.5196 0.875 8e-04 0.2105 6.9369 0.25
4.3041 0 0.5099 0.6216 0.3514 0.125 5.8723 1
7.861 0.0062 0.4942 0.8558 0.2062 0.146 5.4653 0.65
4.5643 0 0.5533 0.7604 0 0.2258 5.3671 0.7143
7.6779 0.0223 0.5332 0.8431 0.0093 0.2712 6.1794 0
6.0776 0 0.4366 0.6674 0 0.0769 5.5882 0.75
5.5013 0 0.4833 0.6612 0 0.0268 5.3865 0.3333
5.7268 0.0063 0.4994 0.7394 0.0065 0.087 6.0041 1
3.1355 0 0.4717 0.6957 0 0 5.2222 0
7.0967 0.0015 0.5084 0.7674 0 0.2683 6.4082 0.1818
8.1942 0.0049 0.5333 0.8948 0.0017 0.537 7.3249 0.4138
4.7362 0 0.5602 0.7982 0 0.6667 7.0893 0
4.5643 0 0.481 0.7083 0.0104 0 5.0735 0
8.6054 0.0243 0.5046 0.7576 0.1205 0.0769 5.9873 0.6304
6.8926 0.0077 0.4221 0.8995 0.001 0.625 8.1754 0.5
8.364 0.0061 0.5088 0.6876 0.0126 0.2807 5.0737 0.2292
5.112 0.0085 0.3588 0.753 0 0.25 6 0
4.654 0.0079 0.5873 0.7238 0 0.2857 5.9263 0.5
7.0022 0.0401 0.2581 0.8753 0.0746 0 5.25 0
8.2938 0.0012 0.4554 0.7409 0.2333 0.2227 5.7613 0.5849
5.5872 0 0.5049 0.7603 0.1798 0.0654 5.3678 0.5
7.8943 0.0071 0.4763 0.7095 0.0034 0.1538 5.3831 0.4333
8.6382 0.0102 0.5092 0.7531 0.008 0.1316 6.4418 0.2667
5.193 0 0.4505 0.6833 0 0.1852 5.5154 0.4
7.5197 0.0031 0.4897 0.6931 0.0087 0.2847 5.9431 0.5641
5.4116 0 0.559 0.7545 0 0.2353 5.8721 0.5
8.0839 0.004 0.5017 0.6055 0.0025 0.0805 5.4957 0.5556
8.1182 0.7257 0.4954 0.8864 0.0167 0.0704 5.1854 0.2
4.4773 0 0.4653 0.6364 0 0.0909 6.2424 1
6.5043 0.0245 0.5019 0.7275 0.0165 0.2727 6.6821 0.4472
8.306 0.002 0.4808 0.5899 7e-04 0.0696 6.4352 0.4737
5.0173 0 0.5349 0.7152 0 0.25 5.7398 1
4.0431 0 0.4628 0.5614 0 0 5.7959 0
8.4303 0.0066 0.4495 0.6741 0.0818 0.1686 5.5432 0.709
3.7612 0.0093 0.5047 0.6744 0 0 5.8649 0
6.4378 0 0.4612 0.6672 0 0.2353 6.1347 0.8333
7.2049 0.0024 0.4507 0.6872 0.0149 0.1821 5.4811 0.7895
10.3343 0.0163 0.613 0.5559 0.0756 0.1281 8.0112 0.3278
6.561 6e-04 0.4706 0.6492 0 0.1167 6.5879 0.4286
8.8286 0.0039 0.4696 0.7126 9e-04 0.1813 6.2236 0.2727
3.6889 0 0.4505 0.625 0 0.1053 5.5588 1
7.5093 0.1341 0.5158 0.9737 0.1452 0 4.4286 0
8.6531 0.0027 0.4706 0.6205 3e-04 0.1224 6.108 0.5122
6.4345 0.0019 0.4731 0.7255 0 0.225 6.0225 0.7222
8.1053 0.0345 0.5456 0.7621 0.0109 0.1075 6.0784 0.3
6.3261 0.0157 0.5441 0.644 0.0054 0.08 5.8479 0.25
6.2519 0.0064 0.7089 0.578 0.0019 0.0575 4.9061 0.8
6.4907 0 0.4252 0.6631 0.4279 0.2281 5.7291 0.8462
6.248 0.0014 0.4785 0.7331 0.0019 0.2 6.4333 0
7.8435 0.005 0.5236 0.7764 0.0047 0.0801 5.1465 0.3108
4.4659 0 0.467 0.7356 0.023 0.3333 5.726 1
7.4883 0.0163 0.5857 0.6788 0.0034 0.1583 6.0589 0.3684
6.6821 0.0027 0.504 0.8283 0.0013 0.3077 5.8923 0.3
7.8395 7e-04 0.4555 0.7227 0.3856 0.0746 5.9194 0.8
7.8059 0.0095 0.5196 0.9031 0.0024 0.3091 7.585 0.4118
6.7867 0.0037 0.4681 0.7043 0.0023 0.1702 5.3977 0.125
9.2233 0.0221 0.5456 0.7802 0.0748 0.4448 6.5811 0.4852
7.6285 0.0021 0.5022 0.7296 0.0073 0.2843 5.8488 0.6552
7.0605 0.0212 0.4688 0.7099 0.2807 0.1441 5.4265 0.4375
5.687 0 0.4752 0.7864 0 0.1852 5.5193 0.2
10.0355 0.0069 0.4745 0.5652 0.1226 0.1016 5.3802 0.3175
5.3936 0 0.4078 0.6409 0 0.125 6.7358 1
3.6109 0 0.5783 0.7027 0 0.25 5.3478 1
8.5558 0.004 0.4197 0.5819 0.0013 0.1189 6.0546 0.3824
7.8629 0.0229 0.5822 0.8411 0.0104 0.4545 9.1703 0.2
5.4806 0 0.4605 0.7333 0 0.1579 5.7471 0.6667
4.7958 0 0.3868 0.9008 0 0.125 4.6364 1
4.5539 0 0.4853 0.7158 0 0.4444 5.6154 0.5
6.3099 0.0029 0.4501 0.6273 0 0.2222 5.861 0.6667
4.9488 0 0.5 0.6596 0 0.1935 5.9286 1
9.4309 0.046 0.5987 0.632 0.0161 0.134 5.8916 0.1408
4.7791 0.0036 0.4712 0.6891 0 0.1071 5.8081 1
4.7707 0 0.4459 0.5678 0 0.1053 5.7706 1
5.717 0 0.4416 0.6908 0 0.0741 5.3084 0.5
6.1759 0.0029 0.5652 0.8565 0.0374 0.25 6.3692 0
5.8319 0 0.5022 0.7185 0 0.375 6.4093 1
3.7842 0 0.4953 0.5909 0 0.2632 5.6316 0.8
7.4407 0.019 0.526 0.8304 0.0135 0.1176 7.6745 0.5
6.3063 7e-04 0.4589 0.7299 0.0091 0.0508 5.5862 0.6667
8.3065 0.0069 0.5048 0.6368 0.0025 0.2293 6.2562 0.2778
7.293 2e-04 0.4606 0.7503 0.4156 0.1911 6.0458 0.6667
3.8067 0 0.4381 0.6 0.2667 0 5.6774 0
7.051 0.0093 0.503 0.6698 0.1282 0.2 5.9842 0.5294
8.5715 0.0059 0.5016 0.7568 0.276 0.1807 5.755 0.6333
7.7231 0.0111 0.5272 0.6394 0.0752 0.1688 5.9231 0.5926
5.0689 0 0.4635 0.6604 0.0063 0.125 5.9583 1
4.4188 0 0.5146 0.7711 0 0.5714 6.4462 0.75
5.3753 0.0029 0.3455 0.6898 0 0.0339 5.8417 1
3.4012 0 0.5 0.8 0 0.1364 5.6296 0.3333
9.2322 0.0055 0.5175 0.7173 0.0032 0.248 5.7317 0.533
4.6634 0.0033 0.4901 0.783 0 0.3333 6.622 1
4.9488 0 0.3774 0.539 0 0.2308 6.2091 0.8333
5.8749 0 0.4746 0.677 0.132 0.0556 6.1331 1
8.9829 0.0771 0.6752 0.6579 0.0785 0.3996 6.8927 0.1564
6.2025 0.0013 0.4216 0.7834 0.0101 0.0882 5.1309 0.1667