8.9872
10.7515
9.1485
10.2955
9.8522
9.7172
10.9819
11.5268
9.488
12.4837
10.7451
9.9897
10.389
11.748
10.494
11.4669
9.2496
10.8415
9.3414
10.2887
9.0595
9.4174
10.0519
10.516
10.2146
10.1811
9.7351
10.732
9.7468
9.9711
11.1433
11.7527
9.77
8.3428
9.9282
11.4679
9.5324
10.6874
10.2853
10.8277
9.655
10.389
10.4133
8.8393
11.744
10.1425
10.3156
11.7232
10.0257
10.9023
10.4829
10.7664
11.4606
11.2503
10.3482
13.2471
12.5113
11.8167
11.2145
10.6383
9.4092
10.9561
10.6596
9.278
9.741
11.1775
11.111
9.4335
11.1982
9.2496
11.5268
11.0004
9.9184
9.9523
11.9043
11.2823
10.0982
9.7232
10.1503
10.5267
10.1105
11.8934
9.9184
10.4282
10.9734
11.0121
10.2751
11.9842
10.4716
10.3641
13.2437
9.7757
11.5834
11.0219
9.7111
9.3501
9.7642
11.1199
9.9282
13.1075
11.3242
11.0929
11.2118
9.9035
9.568
9.8679
10.3704
10.1386
9.0938
11.0898
10.0605
10.5348
10.7727
11.6801
11.2477
10.7055
12.2175
9.5324
10.3222
10.2506
10.4631
11.3302
10.6897
11.3975
11.7613
9.9184
10.7189
10.2853
10.9133
10.9819
10.7536
10.3482
9.787
10.8454
10.5991
10.5991
10.6759
8.6995
12.1259
9.787
11.4595
9.3057
10.0732
9.9711
10.5105
10.8628
9.655
10.9331
10.561
10.631
10.7621
10.3641
8.9359
10.4516
12.6556
10.9041
9.9897
10.7144
8.8393
10.9295
9.105
9.9665
10.44
9.5252
10.7429
11.2266
11.2835
8.9996
10.6666
11.3885
10.8454
10.332
10.3385
11.5129
10.2364
10.5687
10.5532
11.0572
9.8574
10.2471
10.3735
11.0806
12.0082
10.0033
11.3896
11.1035
10.3189
9.4415
9.9618
9.5104
9.8934
9.9184
11.9595
10.4012
10.732
9.2301
11.7852
10.3255
10.3417
12.1699
11.3181
10.9613
10.0858
10.3797
11.1927
10.0648
12.3855
10.5105
10.3797
11.3338
10.6782
11.7814
10.7277
10.5427
10.1962
10.9277
10.0257
10.1425
10.3056
12.1238
10.4133
9.9035
10.0774
10.1849
9.2301
11.4339
9.9523
9.3843
8.7641
10.8238
10.9751
9.3673
11.6682
9.9475
10.6851
10.4073
9.933
10.7144
10.4773
11.0413
10.0476
10.1659
10.211
11.0365
11.3457
10.4688
9.1901
10.1226
11.9204
9.6866